"","state.name","number","ten","random_sample"
"1",Alabama,53,5,c(37, 149, 99, 6, 65)
"2",Alaska,9,3,c(51, 7, 53)
"3",Arizona,53,5,c(51, 203, 37, 83, 69)
"4",Arkansas,37,4,c(9, 29, 7, 21)
"5",California,149,15,c(119, 7, 9, 77, 125, 57, 11, 53, 3, 58, 29, 7, 19, 12, 43)
"6",Colorado,58,6,c(91, 11, 12, 8, 9, 69)
"7",Connecticut,21,3,c(58, 15, 99)
"8",Delaware,6,3,c(86, 19, 69)
"9",Florida,161,16,c(12, 53, 29, 107, 43, 54, 119, 49, 18, 48, 51, 99, 125, 48, 8, 149)
"10",Georgia,91,9,c(149, 6, 9, 91, 18, 11, 21, 37, 83)
"11",Hawaii,6,3,c(9, 203, 51)
"12",Idaho,19,3,c(7, 25, 15)
"13",Illinois,86,9,c(43, 19, 32, 203, 7, 107, 69, 99, 58)
"14",Indiana,98,10,c(15, 6, 47, 37, 161, 57, 51, 21, 58, 69)
"15",Iowa,49,5,c(7, 9, 47, 51, 86)
"16",Kansas,37,4,c(149, 43, 37, 49)
"17",Kentucky,54,5,c(21, 8, 7, 51, 11)
"18",Louisiana,29,3,c(19, 20, 7)
"19",Maine,11,3,c(149, 18, 37)
"20",Maryland,48,5,c(6, 91, 119, 37, 98)
"21",Massachusetts,25,3,c(7, 22, 32)
"22",Michigan,99,10,c(7, 29, 11, 98, 18, 125, 12, 7, 58, 69)
"23",Minnesota,77,8,c(43, 9, 149, 29, 21, 99, 86, 7)
"24",Mississippi,29,3,c(149, 58, 11)
"25",Missouri,69,7,c(107, 91, 98, 37, 51, 65, 161)
"26",Montana,18,3,c(19, 22, 77)
"27",Nebraska,20,3,c(7, 49, 37)
"28",Nevada,7,3,c(12, 58, 11)
"29",New Hampshire,15,3,c(37, 125, 107)
"30",New Jersey,37,4,c(125, 7, 29, 21)
"31",New Mexico,22,3,c(18, 203, 32)
"32",New York,107,11,c(77, 18, 29, 12, 57, 25, 7, 14, 49, 22, 99)
"33",North Carolina,83,8,c(3, 21, 15, 11, 91, 9, 65, 69)
"34",North Dakota,7,3,c(37, 53, 18)
"35",Ohio,119,12,c(6, 9, 83, 69, 119, 51, 43, 12, 161, 29, 32, 65)
"36",Oklahoma,48,5,c(25, 51, 48, 86, 49)
"37",Oregon,43,4,c(14, 18, 21, 11)
"38",Pennsylvania,125,12,c(99, 37, 32, 6, 125, 29, 21, 37, 51, 149, 37, 98)
"39",Rhode Island,3,3,c(54, 7, 19)
"40",South Carolina,32,3,c(53, 15, 77)
"41",South Dakota,11,3,c(32, 7, 12)
"42",Tennessee,65,6,c(99, 37, 37, 18, 83, 21)
"43",Texas,203,20,c(19, 32, 7, 22, 20, 8, 3, 83, 69, 119, 6, 51, 15, 48, 21, 91, 161, 47, 57, 48)
"44",Utah,7,3,c(83, 18, 11)
"45",Vermont,8,3,c(54, 32, 149)
"46",Virginia,51,5,c(47, 11, 99, 25, 14)
"47",Washington,47,5,c(29, 29, 37, 37, 11)
"48",West Virginia,14,3,c(86, 8, 91)
"49",Wisconsin,57,6,c(7, 37, 83, 32, 203, 6)
"50",Wyoming,12,3,c(77, 37, 98)
